37
3 1 2 3
5 9 2 5 3 1
10 7 3 4 5 5 7 6 8 5 4
1 1337
10 0 0 0 0 0 100000000 100000000 100000000 100000000 100000000
2 1 1
2 0 10
10 73036669 23018200 38046416 48394481 25099238 14260362 53439152 87114158 7634238 18162074
7 99145848 54757504 21103908 53882992 2037453 98673917 18758538
8 54003417 18583824 69673198 51431888 66604379 29794921 19922678 1525074
10 43505391 87922124 50951827 96152702 30707862 7137526 55136033 55049173 45960710 81739912
4 15898268 97503294 23310663 73670744
10 36093676 32924871 89008378 4201920 62061837 70757651 76912412 77696028 20111073 49751659
8 45136527 43159552 2944530 22622941 16748767 10078360 93404842 5449096
10 64249391 29815432 70860387 96039992 54315639 13212577 81322861 34774782 22925982 77406526
10 3695336 25782127 10022994 4244932 99845475 45437034 7526216 95775531 92805860 75773478
10 59574048 10789635 50289498 52990871 25984691 68283262 32078404 72410553 85321415 35554263
10 2 5 3 5 0 2 2 5 1 3
10 0 0 3 3 3 5 1 2 1 2
10 5 3 0 1 5 4 5 0 4 3
9 0 1 4 5 1 2 0 0 5
10 1 1 4 4 0 2 3 4 4 3
7 3 3 5 5 3 5 0
10 0 3 3 2 2 3 2 3 3 1
10 5 1 0 2 1 4 0 5 0 0
9 2 2 1 4 5 0 1 3 5
10 0 5 4 3 1 3 4 0 2 1
8 90 80 73 18 82 15 44 11
10 22 52 64 25 2 74 19 19 96 69
4 30 14 50 61
9 67 9 8 83 34 24 8 31 67
10 86 19 94 65 95 30 61 51 52 89
10 59 90 38 55 67 6 12 97 75 69
6 16 81 6 68 75 15
8 95 22 79 36 83 88 92 99
10 90 92 95 98 75 79 78 86 14 98
9 88 66 81 50 96 7 83 60 45
